C = [23, 34,5, 6,86, 87];
